points =

    0.3758    0.4385
    0.3495    0.4474
    0.3731    0.4030
    0.3506    0.4040


k =

     1
     2
     4
     3
     1


>> points(k,1)

ans =

    0.3758
    0.3495
    0.3506
    0.3731
    0.3758


>> points(k,2)

ans =

    0.4385
    0.4474
    0.4040
    0.4030
    0.4385